M=2.4; m=0.23; g=9.81; l=0.36; I=1/3*m*l^2; 
k = 0.05; d = 0.005;
alpha = 1.7189,  beta = 7.682
